
strategic_region={
	id=108
	name="STRATEGICREGION_108"
	provinces={
		73 156 191 357 360 367 371 480 502 584 639 1053 1146 1147 1179 1195 1320 1332 1360 1409 1415 1570 1604 1619 1637 1654 1752 1754 1787 1794 1860 1903 2001 2106 2164 2197 2224 2253 2288 2310 2372 2375 2473 2659 2661 2694 2730 2803 2814 2844 3010 3073 3086 3182 3184 3346 3355 3385 3423 3448 3459 3463 3573 3612 3619 3647 3700 3722 3773 3865 3956 3990 3992 4091 4133 4201 4225 4274 4365 4383 4388 4444 4470 4475 4487 4555 4564 4752 4784 4900 4925 4929 4937 5045 5082 5178 5269 5315 5392 5432 5566 5574 5580 5698 5767 5788 5869 5954 5975 6051 6114 6119 6129 6147 6152 6172 6174 6193 6276 6419 6452 6465 6551 6555 6558 6621 6653 6667 6700 6796 6824 6886 6918 6998 7025 7068 7141 7155 7169 7183 7206 7222 7258 7286 7287 7329 7330 7364 7501 7556 7599 7604 7729 7775 7784 7860 7874 7897 7979 8195 8219 8244 8365 8469 8526 8627 8722 8738 8757 8766 8795 8878 8902 8947 8966 9019 9103 9124 9138 9176 9219 9229 9273 9282 9327 9401 9403 9449 9485 9486 9499 9543 9593 9696 9729 9786 9818 9846 9854 9940 9947 9949 9957 10003 10030 10053 10160 10162 10421 10424 10468 10482 10581 10604 10626 10643 10667 10695 10727 10747 14184 14243 14251 14266 14282 14283 14294 14296 14313 14334 14339 14349 14350 14353 14365 14366 14391 14392 14393 14394 14397 14401 14402 14415 14416 14417 14438 14445 14450 14451 14452 14461 14462 14469 14470 14471 14475 14481 14494 14502 14503 14509 14510 14511 14516 14520 14528 14529 14530 14543 14550 14567 14568 14569 14575 14580 14581 14582 14587 14601 14604 14608 14609 14610 14616 14621 14629 14636 14637 14643 14644 14660 14661 14668 14669 14673 14674 14684 14685 14690 14698 14699 14704 14710 14715 14716 14730 14734 14749 14758 14759 14770 14771 14777 14781 14785 14786 14802 14803 14817 14818 14829 14834 14835 14838 14840 14841 14842 14846 14869 14870 14871 14872 14873 14883 14884 14885 14897 14905 14906 14907 14912 14919 14926 14931 14932 14933 14934 14944 14947 14952 14953 14954 14955 14956 14965 14966 14990 14991 14992 14993 14994 14999 15000 15005 15006 15013 15028 15036 15050 15051 15052 15053 15064 15065 15066 15067 15087 15096 15101 15108 15112 15117 15118 15132 15133 15149 15176 15181 15182 15183 15184 15191 15197 15224 15249 15250 15271 15287 15308 15309 15332 15343 15376 15409 15410 15411 15417 15446 
	}
	weather={
		period={
			between={ 0.0 30.0 }
			temperature={ -19.0 42.0 }
			no_phenomenon=1.500
			rain_light=0.350
			rain_heavy=0.150
			snow=0.450
			blizzard=0.000
			arctic_water=0.000
			mud=0.000
			sandstorm=0.000
			min_snow_level=0.000
		}
		period={
			between={ 0.1 27.1 }
			temperature={ -19.0 42.0 }
			no_phenomenon=1.500
			rain_light=0.250
			rain_heavy=0.100
			snow=0.450
			blizzard=0.000
			arctic_water=0.000
			mud=0.000
			sandstorm=0.000
			min_snow_level=0.000
		}
		period={
			between={ 0.2 30.2 }
			temperature={ -19.0 42.0 }
			no_phenomenon=1.500
			rain_light=0.250
			rain_heavy=0.100
			snow=0.450
			blizzard=0.000
			arctic_water=0.000
			mud=0.000
			sandstorm=0.000
			min_snow_level=0.000
		}
		period={
			between={ 0.3 29.3 }
			temperature={ -19.0 42.0 }
			no_phenomenon=1.500
			rain_light=0.250
			rain_heavy=0.100
			snow=0.450
			blizzard=0.000
			arctic_water=0.000
			mud=0.000
			sandstorm=0.000
			min_snow_level=0.000
		}
		period={
			between={ 0.4 30.4 }
			temperature={ -19.0 42.0 }
			no_phenomenon=1.500
			rain_light=0.250
			rain_heavy=0.100
			snow=0.450
			blizzard=0.000
			arctic_water=0.000
			mud=0.000
			sandstorm=0.000
			min_snow_level=0.000
		}
		period={
			between={ 0.5 29.5 }
			temperature={ -19.0 42.0 }
			no_phenomenon=1.500
			rain_light=0.250
			rain_heavy=0.100
			snow=0.450
			blizzard=0.000
			arctic_water=0.000
			mud=0.000
			sandstorm=0.000
			min_snow_level=0.000
		}
		period={
			between={ 0.6 30.6 }
			temperature={ -19.0 42.0 }
			no_phenomenon=1.500
			rain_light=0.250
			rain_heavy=0.100
			snow=0.450
			blizzard=0.000
			arctic_water=0.000
			mud=0.000
			sandstorm=0.000
			min_snow_level=0.000
		}
		period={
			between={ 0.7 30.7 }
			temperature={ -19.0 42.0 }
			no_phenomenon=1.500
			rain_light=0.250
			rain_heavy=0.100
			snow=0.450
			blizzard=0.000
			arctic_water=0.000
			mud=0.000
			sandstorm=0.000
			min_snow_level=0.000
		}
		period={
			between={ 0.8 29.8 }
			temperature={ -19.0 42.0 }
			no_phenomenon=1.500
			rain_light=0.250
			rain_heavy=0.100
			snow=0.450
			blizzard=0.000
			arctic_water=0.000
			mud=0.000
			sandstorm=0.000
			min_snow_level=0.000
		}
		period={
			between={ 0.9 30.9 }
			temperature={ -19.0 42.0 }
			no_phenomenon=1.500
			rain_light=0.250
			rain_heavy=0.100
			snow=0.450
			blizzard=0.000
			arctic_water=0.000
			mud=0.000
			sandstorm=0.000
			min_snow_level=0.000
		}
		period={
			between={ 0.10 29.10 }
			temperature={ -19.0 42.0 }
			no_phenomenon=1.500
			rain_light=0.250
			rain_heavy=0.100
			snow=0.450
			blizzard=0.000
			arctic_water=0.000
			mud=0.000
			sandstorm=0.000
			min_snow_level=0.000
		}
		period={
			between={ 0.11 30.11 }
			temperature={ -19.0 42.0 }
			no_phenomenon=1.500
			rain_light=0.250
			rain_heavy=0.100
			snow=0.450
			blizzard=0.000
			arctic_water=0.000
			mud=0.000
			sandstorm=0.000
			min_snow_level=0.000
		}
	}
}
