1 35 1387 14099 10750 9867 5391 9065 1702 7198 4261 512 4717 14087 6702 8492 13949 6640 1544 2015 13787 13770 3286 604 13666 13581 4296 9309 7185 13264 9084 7390 13169 1890 3411 7457 8837 
2 16 9867 4510 13860 13776 10654 4774 7316 5717 13458 13432 13347 13337 6669 8267 13348 9309 
2 14 13458 13365 9344 7406 9748 4128 13346 13370 1396 13538 973 13630 13683 549 
1 6 549 9332 10031 10207 13336 13389 
1 6 13389 13329 13315 13345 13404 2832 
1 8 2832 9107 13566 5723 9024 1006 992 61 
1 8 61 13913 7297 9484 2944 14155 14190 1089 
1 8 1089 5905 14284 9198 9934 14412 8087 4095 
1 5 4095 9767 14477 14524 9321 
1 14 9321 14538 5916 14618 6813 4457 3251 9260 14666 6085 14513 14467 9402 14359 
1 9 9321 14524 14551 5628 6569 10258 14789 2442 1348 
1 13 5076 8225 15007 14960 10490 2398 4603 14666 6085 14513 14467 9402 14359 
1 8 5076 5229 7253 15153 15160 6527 15031 6118 
3 6 6118 15039 14970 14901 9777 593 
1 5 593 14740 14720 14736 14756 
1 5 14756 1027 14921 14973 6118 
1 9 15039 7698 3428 15114 3359 15173 5754 15260 15335 
1 7 15260 422 15177 1199 6262 15070 10120 
2 15 10120 15061 9448 15127 15128 8501 9692 15162 10330 5070 2251 15204 5211 15393 465 
2 6 465 4634 5576 2456 15463 487 
1 8 15463 15425 15348 15284 15235 1731 14937 2723 
1 8 2832 7612 13395 3323 8873 5757 13058 2179 
3 24 1396 10629 5904 13229 9170 13059 12966 2740 10168 4764 12748 1526 3803 10325 12462 12411 12444 6424 121 12290 6223 439 7587 7058 
1 2 8267 1032 
1 6 1032 10575 13097 13027 10123 3887 
1 4 3887 10512 5503 1844 
1 6 1844 3275 12614 5314 4547 633 
1 5 3411 1256 13215 5991 11 
2 5 11 7224 6184 7560 7120 
1 4 7120 4324 13623 694 
1 4 694 9126 2015 1544 
1 7 439 7587 7058 11911 5668 11784 1990 
1 5 439 12217 4259 966 48 
1 8 439 7587 7058 12031 12067 9207 12193 5984 
1 7 1990 11774 7447 11819 3404 6209 933 
1 9 933 5979 11927 7408 11670 11626 11583 4806 741 
1 6 933 3229 12149 12204 8090 48 
1 9 3803 12592 9031 12529 9663 12549 12542 12591 3422 
1 4 3422 10405 9357 1732 
1 3 3422 10405 888 
1 5 7120 13727 8977 4090 1016 
1 5 1016 13711 9720 7315 517 
1 5 517 13391 9897 4622 11 
1 6 1016 4180 9906 4331 13667 234 
1 5 4331 10227 8166 13441 1814 
1 12 234 13650 13597 10726 8810 13540 8927 3048 13373 9053 5346 13524 
1 8 13540 13468 8768 13301 13278 13176 13106 1881 
1 9 1881 13060 5719 4759 2727 8470 5304 4724 2056 
1 7 5719 4759 8898 5466 13245 58 7403 
1 2 7403 13524 
1 11 5304 12920 5552 5494 6627 3418 12892 12893 8888 8240 709 
1 9 709 13030 8974 13088 2313 12990 12921 10645 241 
1 9 709 13001 13046 13008 4006 13123 13186 4762 1774 
1 2 13524 1630 
1 6 1630 10429 4031 5834 8917 2488 
1 3 2488 8917 1774 
1 7 2488 6365 13417 8647 5915 13668 6860 
1 7 6860 8003 8388 13829 3998 13756 6239 
1 4 6239 13651 8027 3559 
1 7 3559 13599 7722 13526 7344 10212 3948 
1 3 3559 9312 2131 
1 6 2131 7355 7823 7293 8509 1405 
1 6 2131 7355 7823 7293 8509 1405 
1 5 1405 13021 6949 12990 2313 
1 6 1405 13022 1049 4199 12903 8012 
1 7 8012 12903 12826 1636 5467 3025 452 
1 20 452 3025 12699 6610 12558 10384 1323 2890 12293 8658 323 8150 12131 12114 1870 12121 12207 8221 12292 591 
1 7 452 12904 12932 13055 13113 13216 3948 
1 3 452 4110 2606 
1 6 2606 13040 3236 8403 13140 1548 
1 7 1548 13268 13279 13350 10559 5429 383 
1 10 452 4110 12807 12816 6360 12716 12706 5389 12684 765 
1 5 3948 13248 4840 9875 1548 
1 5 2606 12992 8429 13216 3948 
1 7 3559 13599 7722 13526 7344 10212 3948 
1 6 3948 965 13302 5278 5176 2131 
1 10 2131 5176 5278 8502 13212 8107 13055 12932 12904 452 
1 8 8012 9741 458 8176 13055 13113 13216 3948 
1 4 8012 9741 3025 452 
1 5 1405 13022 6289 2101 8012 
1 8 1405 6450 1816 5086 13469 2579 13598 6239 
1 5 4955 8173 9807 3168 3559 
1 5 4955 6019 13981 14005 14068 
1 7 14068 14028 14003 8576 8439 13865 13829 
1 7 383 2176 10484 3139 6120 8402 2931 
1 14 2931 13977 10675 1612 13878 13846 4227 13830 2515 4482 13797 13789 3616 8173 
1 11 383 2176 8896 13527 7614 13610 10062 7720 13872 516 326 
1 5 709 8240 12780 2189 438 
1 5 438 8719 2774 12668 173 
1 7 173 12604 12517 6777 12405 9967 925 
1 6 925 2401 1622 12141 12080 4195 
1 9 925 12337 6518 12306 4247 12307 12273 12292 591 
1 6 591 10470 4680 2335 1394 323 
1 6 591 10470 4680 2335 8251 12131 
1 18 4195 11987 11966 2136 11838 11799 98 6474 700 1414 272 11560 3245 11513 11454 1577 11407 9292 
1 7 2091 11768 3949 9928 7757 3327 700 
1 4 1577 3488 6047 2085 
1 7 2091 11768 3949 9928 5528 1414 272 
1 7 2091 4102 8227 11639 609 11579 2085 
1 6 609 9562 6891 11686 11740 2481 
1 6 2481 11837 11744 11809 11780 715 
1 5 715 11871 5640 7907 872 
1 4 872 12047 816 690 
1 4 690 12219 12258 420 
1 6 420 12376 12435 5024 1958 81 
1 11 81 12666 12714 1419 3620 1012 12979 7716 12944 13007 8837 
1 4 1012 4491 5991 11 
1 5 1012 7656 2078 12713 81 
1 26 925 12272 2294 6715 9076 705 10692 12455 2506 12415 12439 7489 12480 12524 12602 4898 12633 9661 1901 12742 12667 7694 5169 7112 12764 1419 
1 4 13966 14002 572 14027 
1 18 323 6641 10431 11980 11989 5395 4389 11915 11877 10694 6905 10574 2090 5532 11700 2060 9648 9325 
1 9 11915 4166 10461 8906 3723 11674 11643 8828 5337 
1 18 8828 10353 11602 419 11531 11518 6064 6111 4384 11439 7074 11378 6496 3493 9836 4536 10457 11301 
1 9 709 13001 13046 13008 4006 13123 13186 4762 1774 
1 4 1890 5185 7457 8837 
1 8 888 12356 8001 12216 12167 12111 12030 11998 
1 8 12216 12229 12227 1493 4488 12364 7187 2399 
1 2 2399 1732 
3 4 11998 7319 7361 11997 
1 6 11998 4815 8156 5659 11884 3780 
1 6 3780 11795 11857 11874 11836 4234 
1 8 11884 11788 5683 9420 1392 4213 11573 182 
1 3 4304 3754 2380 
3 5 2380 11842 11895 11945 11998 
3 5 2380 5488 7296 11679 1392 
1 7 4234 5850 5649 11633 11629 6580 11582 
1 13 11582 11525 9396 7414 6423 11463 4587 3280 4579 467 11442 11487 741 
1 3 467 2137 592 
1 9 11582 11525 11486 11441 5330 4560 11320 1928 45 
1 8 592 11348 7205 10603 11307 11292 1928 45 
1 7 1076 7530 3485 7780 11272 11246 45 
1 3 649 11254 7530 
1 7 48 9496 12453 2333 12614 3275 1844 
1 5 3803 10325 12491 7103 4020 
1 12 2179 12998 12956 12914 2634 5551 10668 12879 554 3994 12701 3422 
2 2 2281 649 
1 6 9292 1994 5360 11273 3771 732 
1 4 732 3771 5075 412 
1 7 412 9918 3860 2898 1353 9733 1262 
1 5 1262 10968 10936 11013 3761 
1 10 3761 5219 11069 5810 11119 5572 11178 3143 11205 589 
1 11 2085 11479 11420 11397 5074 7470 11298 5990 11247 2733 589 
1 10 589 11205 3143 2082 509 11264 2214 11273 3771 732 
1 12 465 2611 308 15721 5351 1286 15930 5349 16046 16092 4843 1068 
1 4 487 15562 2791 2 
1 4 2 15901 15981 1197 
3 6 1197 16079 3384 5618 16214 293 
1 5 1197 16054 16114 1809 1711 
1 5 1711 9631 16215 3074 1686 
1 6 1686 6852 10412 2046 16031 1643 
1 9 1643 15936 15907 15941 6545 4283 15902 9500 2 
1 5 1686 5636 16300 8259 2751 
1 7 2751 16259 8853 5743 16066 16031 1643 
1 5 2751 16305 4891 16367 3623 
1 5 4741 5152 16516 10633 10 
1 2 10633 500 
1 5 500 16516 5008 16360 2751 
1 7 500 8041 9066 16509 16501 2671 3623 
1 6 10 10504 10423 5830 16803 1655 
1 16 1068 6890 3207 9192 6242 16451 16489 983 10088 16558 380 16583 10233 16567 16603 16557 
1 5 1068 6890 5842 3557 1004 
1 13 1004 16192 16113 7429 16029 9481 4615 10005 1721 15803 15733 3451 99 
1 9 99 15559 15525 15471 2493 15327 1563 4125 15335 
1 12 380 16634 5855 16644 16595 8367 8312 10448 16657 5666 10458 603 
1 6 603 16741 5666 8217 9002 315 
1 5 603 10458 16770 5710 400 
1 2 400 1078 
1 9 1078 4712 16757 5792 16758 2917 16705 9756 16617 
1 6 9756 16727 8392 16793 16837 461 
1 5 461 1508 2066 16987 401 
1 5 401 16987 8805 16891 1655 
1 4 10007 6053 16904 461 
1 6 10007 16995 2617 17048 17080 5643 
1 26 5643 17080 17098 17074 7017 17067 2420 17105 7926 17177 10248 864 9971 1506 4373 9439 17182 810 9224 6908 17056 17008 16977 16957 16936 1723 
1 7 810 17149 1346 1261 8164 7073 1048 
1 9 1048 17066 1886 6923 17179 17191 10248 17177 7926 
1 6 1048 3791 2193 16861 16833 603 
1 9 1048 16986 2628 16915 9969 8337 6366 17018 7017 
1 2 7017 17074 
1 5 5643 5701 17042 17026 10007 
1 7 1143 9098 6277 17306 3748 17362 1533 
1 11 1533 17362 17335 6940 5378 17227 6753 1476 2812 7512 7017 
1 5 1533 10362 5295 10175 817 
1 6 817 10655 5123 17371 17313 606 
1 5 606 9078 3640 10178 2263 
1 9 2263 5486 3589 8349 17296 17283 17234 17257 1024 
1 5 1024 17244 17212 4723 17139 
1 5 17139 17115 17092 17075 2551 
1 10 1024 17257 17234 17210 17188 17165 6067 10196 17099 436 
1 4 401 16996 16992 10007 
1 3 1024 17315 482 
1 5 864 6893 6413 6807 728 
1 2 728 17351 
1 6 728 6330 17396 3954 7267 1533 
1 7 728 17401 1481 4753 2741 8368 687 
1 7 1106 2390 2489 10573 5807 7275 19 
1 5 1106 1642 8395 667 941 
1 5 17532 7020 719 17450 2741 
1 5 5 17412 17391 17366 482 
1 6 5 2081 871 17447 17444 817 
1 13 3623 9187 1041 168 4985 8389 16449 5477 1427 8930 9139 16495 510 
1 9 510 6446 16566 6655 4542 10104 1086 3857 2567 
1 5 3806 17171 17155 17125 2551 
1 2 17171 17139 
1 9 2551 17050 6204 16998 9032 16941 16905 16882 2567 
1 8 2567 16858 16894 6862 7606 8585 17059 3181 
1 8 1086 6305 16870 16885 16919 7387 17010 284 
1 5 284 8820 6044 17100 3181 
1 8 3181 17128 4928 10025 7927 17293 7658 718 
1 12 284 17010 7387 16919 7717 7049 16764 16695 8648 16609 9297 510 
1 13 2567 10097 4729 6371 16773 9054 4980 5968 16638 6408 16510 16479 3623 
1 2 941 313 
1 2 313 17532 
3 8 14359 14330 14306 4657 14200 8175 2322 1387 
1 5 13966 7703 13897 5444 1016 
1 13 293 16395 8532 16474 9619 16616 9747 16658 16673 16635 16604 9002 315 
1 7 16616 16622 7333 1706 16636 16661 9756 
1 7 1068 5139 9529 9732 16312 16340 293 
1 8 465 8754 3148 9563 9259 1731 14937 2723 
3 25 2895 7695 4869 11870 11818 11750 4971 2479 11664 195 11720 5131 7279 11719 7652 10291 537 4998 9533 11803 1131 560 6286 7038 2236 
1 5 195 11556 3153 5037 542 
1 2 2895 11997 
1 2 2895 11997 
3 2 2895 11997 
3 5 7038 11472 10425 11350 4537 
1 7 364 6711 1333 1435 11175 5622 14 
1 3 14 478 914 
1 10 914 5004 10963 2726 2033 1446 2553 9904 11005 3947 
1 5 3947 2674 3889 7189 1376 
3 9 560 7472 11749 11882 2742 7260 2150 12226 1219 
3 16 1219 1933 12546 7397 5267 5233 3054 366 12936 9598 12898 12852 5549 1605 12965 608 
1 2 5565 5549 
1 3 2195 12818 5233 
1 3 3487 10070 3256 
1 4 3256 13134 13190 1339 
1 4 1339 13242 2879 900 
1 7 900 13317 5241 1145 13076 13004 366 
1 4 3487 5279 10444 1552 
1 6 1552 2047 6858 6066 7201 1773 
1 12 2195 4801 6359 288 7255 12279 12183 12162 4578 12278 12203 1583 
1 3 1605 5971 261 
2 10 608 13050 3443 4935 10290 12783 2792 10147 10505 107 
1 5 10505 6956 12638 5407 12613 
1 5 3487 4013 12909 5921 2195 
1 4 1552 13107 5279 3487 
1 4 3174 13429 1924 1339 
1 5 3174 13429 13430 9595 900 
1 4 3174 8307 10444 1552 
2 70 1392 3655 8844 7393 11673 11684 6234 11633 11629 6580 11582 11525 11486 11441 11405 11371 4472 11292 1928 45 11246 519 622 9060 2959 8723 106 8289 2696 6519 4556 11010 11002 1858 6596 3179 10481 2362 11019 11025 10211 11037 3083 11042 1376 11018 5687 10957 10976 7322 9322 1215 10928 4496 10939 3919 10935 10919 10945 1059 3008 1464 10940 1937 10977 10979 5489 710 5182 10940 
1 4 710 5489 7904 3414 
1 5 2281 414 4099 3637 1284 
1 5 1284 3575 10229 1231 4556 
1 4 4556 5044 5797 1059 
1 3 1937 2140 1464 
1 2 1464 710 
1 26 14900 14887 3896 469 9673 7744 5374 14403 8848 2370 6194 14269 7674 8404 9419 14121 10693 14010 466 4787 13869 13780 13732 111 5639 7323 
1 7 443 6675 14232 14177 14160 14121 10693 
1 11 443 8005 14210 8779 7514 7030 2244 13923 10710 6313 631 
1 4 7514 14142 6623 1857 
1 11 360 14365 14294 8365 5082 5045 2310 14401 2001 14438 156 
1 11 10053 10695 6051 6998 5082 5045 2310 14401 2001 14438 156 
1 3 584 14438 156 
1 5 156 5788 14581 10643 1654 
1 3 502 14771 1654 
1 8 1654 14661 7141 7556 14569 14509 14471 1195 
1 7 1195 4784 14587 5315 6119 3773 1619 
1 9 1619 1860 14953 15013 5269 2803 480 6307 2367 
1 4 2367 15530 15514 848 
1 11 1278 14706 14638 8366 10017 8346 14506 2169 4021 9673 469 
1 5 14506 8346 3391 6241 443 
1 14 1857 3161 696 7461 4505 14463 14462 9818 1409 6700 9486 6152 14366 1195 
1 6 4719 15231 9545 7193 15192 4097 
1 3 4719 15389 15460 
1 4 15460 4409 15454 15507 
1 4 41 1361 16020 6161 
1 8 2796 16125 16063 7683 15998 15928 9233 849 
1 5 849 15865 7214 8746 228 
1 6 228 5451 16227 16328 2400 789 
1 5 789 2400 16257 9305 3259 
1 10 789 6798 16529 9308 4367 16546 6764 2464 16600 137 
1 6 3259 16338 1691 16424 8453 6764 
1 4 137 2709 16473 316 
1 5 316 16463 5836 6411 16318 
1 5 16318 4779 16375 16376 1452 
1 3 316 16523 347 
1 6 347 5318 4449 8619 6549 5682 
1 9 16318 6411 2780 2612 7590 16672 16732 6488 666 
1 12 1452 8750 16464 16487 7136 16642 16627 16718 7516 8640 16902 16935 
1 9 16935 6945 819 3902 7114 16874 16865 16911 1723 
1 6 5682 7445 1824 6532 1431 666 
1 11 5682 1069 7335 1540 16873 9075 938 16682 16529 6798 789 
1 4 282 4094 7218 2757 
1 4 2757 4848 15273 5076 
1 17 1348 14987 15059 8703 15201 15293 6668 4379 9623 3825 15831 5148 4534 16119 4390 9305 3259 
1 20 316 2957 16346 16283 8269 16131 16104 16022 15958 1238 15809 1925 5692 15533 15462 15391 526 9336 15253 5076 
1 13 1004 16192 10410 4284 16278 2318 16455 16488 16520 1102 2779 6417 7516 
1 11 99 15635 15588 4946 9989 15540 15481 3240 15355 15344 2757 
1 7 82 2953 1750 968 6087 2896 1709 
1 5 1709 6035 352 17717 17724 
1 5 1709 2896 17704 2764 541 
1 8 17724 9473 3908 8081 10627 3091 9488 43 
1 11 284 240 7325 17028 16979 16927 1596 3555 16966 10422 1998 
1 5 1596 16908 1755 16834 9174 
1 7 9174 6453 6822 16439 6731 16265 1680 
1 4 1680 2340 1480 1178 
1 5 1680 6358 1206 5032 338 
1 5 338 16116 2113 15972 2746 
1 4 2746 9869 15697 411 
1 5 9174 3062 2916 16676 77 
1 2 77 2168 
1 3 2168 7288 1461 
1 8 2168 16715 9504 8034 5153 7483 16242 338 
1 12 510 16561 9111 16548 6022 16597 8050 4589 1555 972 7108 1596 
1 14 741 3915 11558 11563 10428 6875 5813 8504 11696 7708 3753 5135 3719 715 
1 7 751 15168 8700 6130 10150 4704 103 
1 3 2271 15580 561 
1 18 326 9294 4146 13906 13915 3519 1343 2435 7491 3117 14192 1290 14213 7794 7008 1826 881 755 
1 3 1826 14149 2042 
1 3 2042 6070 4567 
1 4 4567 6070 881 755 
1 5 755 2721 13943 13821 355 
1 18 1334 12222 2249 112 12321 6708 1551 5972 59 9984 12808 3268 5114 1591 4653 12768 10371 206 
1 2 10371 212 
1 7 112 4750 5473 599 12670 4468 212 
1 12 765 7423 12469 12397 4607 2562 8551 10127 12159 5821 7043 1334 
1 15 326 516 6709 2191 13734 7280 5031 1527 13377 6134 13149 674 5777 7898 5114 
1 5 3117 14034 5860 14088 1826 
1 7 4567 7706 14225 14208 9987 6849 5060 
1 7 5060 14323 14332 6023 3001 14326 522 
1 5 522 14360 3482 5889 3287 
1 11 206 4563 8102 13047 13042 13031 4642 6761 9626 13281 10100 
1 5 5039 7092 1575 13820 355 
1 14 355 13757 6318 5823 13670 13612 13587 5393 13533 3689 2937 13481 9062 10100 
1 4 5039 7552 14034 3117 
1 8 14633 14590 863 6586 8038 3420 8006 1290 
1 15 5060 6721 14468 14514 9240 2284 14768 9352 6614 1516 6843 5661 15437 2027 411 
1 13 59 12796 10188 1851 4265 12911 12952 13002 8620 4064 13072 13140 1548 
1 11 355 4182 13669 6869 10585 3449 1307 13734 2191 13872 516 
1 2 53 125 
1 9 3122 13874 9801 13939 10054 13978 4159 14041 2474 
1 17 3122 13875 13958 6755 7657 7465 14173 2630 14256 14288 14328 9856 14449 14501 14574 14607 879 
1 5 879 5250 10562 7906 1482 
1 3 1482 6690 575 
1 7 575 15063 15093 5396 4620 6698 359 
1 15 359 15496 1982 15423 2376 2961 15123 1947 15352 4448 729 2241 3290 15938 3942 
1 6 855 4728 15257 5867 4448 729 
1 5 708 3455 5462 9087 159 
1 4 159 8450 5460 1295 
1 4 1295 10717 3455 708 
1 10 159 8450 14880 1512 14779 14689 6384 9270 1530 664 
1 11 664 14338 14292 8931 5300 7469 14379 9271 14242 1521 3356 
1 16 778 4697 7238 10666 1420 11661 11682 5638 11599 2831 11623 11598 11612 3950 8801 1116 
1 4 1116 8801 11570 1852 
1 4 1852 2071 11374 24 
1 10 3424 6573 11652 6624 11619 2326 5368 11413 11374 24 
1 4 129 10841 10830 432 
1 6 432 3755 10804 2077 10857 78 
1 10 432 3755 10804 3135 10788 3413 5290 6196 7331 66 
3 13 130 13499 9734 8045 7579 13101 5305 8653 12941 7854 12913 4730 2093 
3 6 5305 12934 12924 8510 12896 194 
3 5 194 8579 12864 4323 4417 
3 6 4417 4306 3888 2597 5054 2786 
3 8 12827 12871 3409 4424 4374 8524 7834 949 
3 9 4958 13360 13334 6007 13219 8834 13142 13104 1908 
3 5 4686 13275 7290 13151 1908 
3 5 4686 13401 6306 13354 1607 
3 14 5305 13101 7579 8045 9734 13499 130 13625 2429 9012 13532 3850 10704 1607 
3 4 13664 13603 10704 1607 
3 3 3409 12871 5054 
3 4 2786 12676 7146 6784 
3 2 6784 1000 
3 8 1000 6951 12470 6987 12433 2889 12573 1953 
3 4 2889 12528 12599 8086 
3 3 8086 12700 187 
3 4 187 1453 8579 194 
3 5 194 12828 8103 12734 127 
3 2 127 678 
3 5 678 12452 9208 6587 5949 
3 3 5949 12371 1790 
3 7 1790 5893 10544 6840 12478 12459 2889 
3 6 1283 12285 12299 12370 12433 2889 
3 4 2786 12663 12631 1953 
3 5 2786 12663 4574 12728 3888 
3 3 4417 4085 187 
3 6 1908 13104 7909 1694 7250 4417 
3 3 10632 7849 1694 
3 6 10632 13062 13116 13221 13262 1607 
3 5 10632 4323 12912 689 194 
3 7 10632 7849 7250 10159 4523 12923 2597 
3 3 12827 2597 12923 
1 4 3939 6233 8233 3942 
1 6 2056 12688 1672 1344 2783 10692 
2 8 4741 16560 3957 16669 16713 5830 7264 1655 
1 5 10007 16995 2617 17021 17098 
1 7 10007 16995 7118 9902 16916 8498 400 
1 4 1078 16743 9587 16673 
1 5 603 16833 6996 16970 1048 
1 9 1048 17037 17066 1886 17131 1371 1346 17149 810 
1 5 1476 17162 6166 17150 7926 
1 3 1143 17183 1476 
1 3 1143 17163 5643 
1 60 1262 8292 10991 4458 9857 11039 1303 9360 2660 10754 10960 7350 3419 10884 2658 1999 10905 10892 7294 3000 10524 10895 7096 3253 10930 10931 7540 5342 3104 11012 10539 1118 5610 7687 11043 2982 2381 11086 1561 11074 11049 3046 768 5878 10533 2343 2413 7432 10130 2543 5296 7648 10949 10689 9514 5166 2523 7110 7595 35 
